Domains obtained: [1]([32](1,2,3,4,5,6,7,8,9,10,11,12,13,14,15,16,17,18,19,20,21,22,23,24,25,26,27,28,29,30,31,32))

Domain 1 generated: 
        0.00000      382.33000        0.11538        4.77010       24.82710       -2.55450        1.74162       -4.22801       -0.01911        0.60795       -1.57192        0.13073        0.41106       -0.78981       -0.01999       -0.18570        0.00000     -326.77400        0.22048       -3.17156      -17.41570        1.88534       -1.12057        2.83989        0.04868       -0.43100        1.11610       -0.07002       -0.27529        0.53037        0.01617        0.12724
      382.33000        0.00000      381.47000        5.34316       14.95830       26.09230       -1.75581       -0.85649        4.95882       -0.55163        0.88124        1.73909       -0.12028        0.39350       -0.83370       -0.11073     -317.16700        0.00000     -318.26000       -3.69435      -11.57840      -17.54190        1.30566        0.48780       -3.53383        0.40358       -0.63638       -1.16981        0.08228       -0.26851        0.58123        0.06176
        0.11538      381.47000        0.00000     -364.83900        3.20823        8.65799       23.47590       -1.77940        0.21796        5.30062       -0.29750       -0.10669        1.98326       -0.10759        0.39815       -0.73966        0.23771     -327.71400        0.00000      300.20200       -2.66345       -5.88195      -16.63180        1.33592       -0.08202       -3.88405        0.23994        0.08899       -1.37613        0.09324       -0.26767        0.49667
        4.77010        5.34316     -364.83900        0.00000      398.53800       -5.45417       -3.39148      -19.23460        0.55701        0.41996       -4.42483        0.33802        0.46288       -1.79193       -0.11552       -0.17950       -3.45863       -4.28213      303.60800        0.00000     -333.71100        3.99631        3.47686       12.92360       -0.30921       -0.23231        3.14124       -0.18731       -0.29044        1.19975        0.08192        0.12579
       24.82710       14.95830        3.20823      398.53800        0.00000      393.81500        4.56478       -2.19237       22.59010       -2.26412        3.02481        4.96945       -0.49231        0.84436       -1.90366       -0.13233      -17.71040      -11.89080       -2.17583     -323.34100        0.00000     -321.71400       -2.65891        1.41574      -16.18590        1.66379       -2.16753       -3.35136        0.34492       -0.57647        1.32927        0.06275
       -2.55450       26.09230        8.65799       -5.45417      393.81500        0.00000      397.83100       -8.33011       14.32470       26.63280       -0.32157        0.31367        5.85545       -0.28767        0.78278       -1.68299        1.91632      -19.19180       -6.13139        3.60902     -331.98100        0.00000     -333.22900        5.77041       -9.79610      -19.58300        0.33027       -0.15990       -4.07047        0.24797       -0.51855        1.12856
        1.74162       -1.75581       23.47590       -3.39148        4.56478      397.83100        0.00000      394.61200       -8.60348      -10.15290       27.51610        1.40614       -2.49264        6.53423       -0.78193        0.42812       -1.28935        1.32771      -16.69980        2.20531       -2.28776     -322.76800        0.00000     -322.27100        6.29560        5.23843      -19.74570       -1.12076        1.55976       -4.39715        0.54736       -0.31488
       -4.22801       -0.85649       -1.77940      -19.23460       -2.19237       -8.33011      394.61200        0.00000     -382.64300       -0.95641        9.76832      -20.47630       -0.58620        1.40515        4.42192        0.53479        2.99487        0.69781        1.31582       13.01520        2.95041        5.49666     -332.68900        0.00000      316.58700        0.05622       -7.27223       13.77540        0.30259       -0.93293       -3.10386       -0.31696
       -0.01911        4.95882        0.21796        0.55701       22.59010       14.32470       -8.60348     -382.64300        0.00000      382.32900        0.11526        4.77013       24.82700       -2.55447        1.74164       -4.22805        0.04497       -3.64388       -0.11751       -0.28704      -15.95510       -9.50373        4.63030      309.76400        0.00000     -326.77500        0.22057       -3.17157      -17.41560        1.88533       -1.12058        2.83991
        0.60795       -0.55163        5.30062        0.41996       -2.26412       26.63280      -10.15290       -0.95641      382.32900        0.00000      381.47000        5.34319       14.95840       26.09230       -1.75560       -0.85643       -0.45203        0.41244       -3.75885       -0.33565        1.68758      -18.16130        3.90420        1.45925     -317.16700        0.00000     -318.26000       -3.69436      -11.57850      -17.54190        1.30551        0.48777
       -1.57192        0.88124       -0.29750       -4.42483        3.02481       -0.32157       27.51610        9.76832        0.11526      381.47000        0.00000     -364.84000        3.20785        8.65681       23.47590       -1.77934        1.11895       -0.62913        0.24063        2.98652       -1.97373        0.37843      -19.37620       -5.97594        0.23780     -327.71400        0.00000      300.20300       -2.66315       -5.88120      -16.63190        1.33588
        0.13073        1.73909       -0.10669        0.33802        4.96945        0.31367        1.40614      -20.47630        4.77013        5.34319     -364.84000        0.00000      398.53900       -5.45333       -3.39109      -19.23490       -0.07876       -1.27741        0.08809       -0.19445       -3.46714       -0.16290       -1.11122       13.92130       -3.45866       -4.28215      303.60800        0.00000     -333.71100        3.99576        3.47662       12.92380
        0.41106       -0.12028        1.98326        0.46288       -0.49231        5.85545       -2.49264       -0.58620       24.82700       14.95840        3.20785      398.53900        0.00000      393.81600        4.56533       -2.19231       -0.30048        0.08919       -1.40707       -0.32932        0.35356       -3.95906        1.49061        0.29912      -17.71030      -11.89080       -2.17558     -323.34200        0.00000     -321.71400       -2.65932        1.41574
       -0.78981        0.39350       -0.10759       -1.79193        0.84436       -0.28767        6.53423        1.40515       -2.55447       26.09230        8.65681       -5.45333      393.81600        0.00000      397.83300       -8.33023        0.56161       -0.28212        0.08936        1.20463       -0.55443        0.24221       -4.52442       -0.81764        1.91630      -19.19190       -6.13061        3.60847     -331.98100        0.00000     -333.23100        5.77049
       -0.01999       -0.83370        0.39815       -0.11552       -1.90366        0.78278       -0.78193        4.42192        1.74164       -1.75560       23.47590       -3.39109        4.56533      397.83300        0.00000      394.61300        0.00514        0.61213       -0.28811        0.05968        1.32464       -0.54707        0.54517       -2.99993       -1.28937        1.32756      -16.69990        2.20507       -2.28808     -322.77000        0.00000     -322.27200
       -0.18570       -0.11073       -0.73966       -0.17950       -0.13233       -1.68299        0.42812        0.53479       -4.22805       -0.85643       -1.77934      -19.23490       -2.19231       -8.33023      394.61300        0.00000        0.13423        0.08099        0.52334        0.12515        0.08950        1.12989       -0.25297       -0.33130        2.99490        0.69778        1.31578       13.01550        2.95042        5.49669     -332.69000        0.00000
        0.00000     -317.16700        0.23771       -3.45863      -17.71040        1.91632       -1.28935        2.99487        0.04497       -0.45203        1.11895       -0.07876       -0.30048        0.56161        0.00514        0.13423        0.00000      279.29900       -0.39577        2.24460       12.41520       -1.40787        0.83370       -2.01229       -0.05708        0.32103       -0.79467        0.04025        0.20147       -0.37727       -0.00522       -0.09204
     -326.77400        0.00000     -327.71400       -4.28213      -11.89080      -19.19180        1.32771        0.69781       -3.64388        0.41244       -0.62913       -1.27741        0.08919       -0.28212        0.61213        0.08099      279.29900        0.00000      281.90300        2.99081        9.05970       12.88900       -0.98773       -0.40281        2.59628       -0.30195        0.45467        0.85908       -0.06111        0.19265       -0.42675       -0.04518
        0.22048     -318.26000        0.00000      303.60800       -2.17583       -6.13139      -16.69980        1.31582       -0.11751       -3.75885        0.24063        0.08809       -1.40707        0.08936       -0.28811        0.52334       -0.39577      281.90300        0.00000     -259.25300        1.84745        4.08727       11.82440       -0.98504        0.03079        2.75382       -0.19122       -0.07176        0.97612       -0.07486        0.19387       -0.35155
       -3.17156       -3.69435      300.20200        0.00000     -323.34100        3.60902        2.20531       13.01520       -0.28704       -0.33565        2.98652       -0.19445       -0.32932        1.20463        0.05968        0.12515        2.24460        2.99081     -259.25300        0.00000      280.02000       -2.73105       -2.22870       -8.74058        0.14394        0.19636       -2.12044        0.10373        0.20819       -0.80675       -0.04264       -0.08779
      -17.41570      -11.57840       -2.66345     -333.71100        0.00000     -331.98100       -2.28776        2.95041      -15.95510        1.68758       -1.97373       -3.46714        0.35356       -0.55443        1.32464        0.08950       12.41520        9.05970        1.84745      280.02000        0.00000      280.69200        1.16539       -1.84559       11.42550       -1.24226        1.41663        2.33696       -0.24825        0.37935       -0.92483       -0.04212
        1.88534      -17.54190       -5.88195        3.99631     -321.71400        0.00000     -322.76800        5.49666       -9.50373      -18.16130        0.37843       -0.16290       -3.95906        0.24221       -0.54707        1.12989       -1.40787       12.88900        4.08727       -2.73105      280.69200        0.00000      279.58900       -3.90732        6.43259       13.34360       -0.33790        0.07256        2.75078       -0.19952        0.36335       -0.75804
       -1.12057        1.30566      -16.63180        3.47686       -2.65891     -333.22900        0.00000     -332.68900        4.63030        3.90420      -19.37620       -1.11122        1.49061       -4.52442        0.54517       -0.25297        0.83370       -0.98773       11.82440       -2.22870        1.16539      279.58900        0.00000      281.18700       -3.41335       -1.46962       13.89560        0.86740       -0.92058        3.04232       -0.38239        0.18942
        2.83989        0.48780        1.33592       12.92360        1.41574        5.77041     -322.27100        0.00000      309.76400        1.45925       -5.97594       13.92130        0.29912       -0.81764       -2.99993       -0.33130       -2.01229       -0.40281       -0.98504       -8.74058       -1.84559       -3.90732      281.18700        0.00000     -266.61200       -0.58824        4.40992       -9.36255       -0.13776        0.53966        2.10484        0.19348
        0.04868       -3.53383       -0.08202       -0.30921      -16.18590       -9.79610        6.29560      316.58700        0.00000     -317.16700        0.23780       -3.45866      -17.71030        1.91630       -1.28937        2.99490       -0.05708        2.59628        0.03079        0.14394       11.42550        6.43259       -3.41335     -266.61200        0.00000      279.29900       -0.39583        2.24462       12.41510       -1.40787        0.83371       -2.01231
       -0.43100        0.40358       -3.88405       -0.23231        1.66379      -19.58300        5.23843        0.05622     -326.77500        0.00000     -327.71400       -4.28215      -11.89080      -19.19190        1.32756        0.69778        0.32103       -0.30195        2.75382        0.19636       -1.24226       13.34360       -1.46962       -0.58824      279.29900        0.00000      281.90300        2.99082        9.05976       12.88910       -0.98762       -0.40279
        1.11610       -0.63638        0.23994        3.14124       -2.16753        0.33027      -19.74570       -7.27223        0.22057     -318.26000        0.00000      303.60800       -2.17558       -6.13061      -16.69990        1.31578       -0.79467        0.45467       -0.19122       -2.12044        1.41663       -0.33790       13.89560        4.40992       -0.39583      281.90300        0.00000     -259.25400        1.84725        4.08678       11.82440       -0.98501
       -0.07002       -1.16981        0.08899       -0.18731       -3.35136       -0.15990       -1.12076       13.77540       -3.17157       -3.69436      300.20300        0.00000     -323.34200        3.60847        2.20507       13.01550        0.04025        0.85908       -0.07176        0.10373        2.33696        0.07256        0.86740       -9.36255        2.24462        2.99082     -259.25400        0.00000      280.02000       -2.73069       -2.22855       -8.74072
       -0.27529        0.08228       -1.37613       -0.29044        0.34492       -4.07047        1.55976        0.30259      -17.41560      -11.57850       -2.66315     -333.71100        0.00000     -331.98100       -2.28808        2.95042        0.20147       -0.06111        0.97612        0.20819       -0.24825        2.75078       -0.92058       -0.13776       12.41510        9.05976        1.84725      280.02000        0.00000      280.69100        1.16563       -1.84562
        0.53037       -0.26851        0.09324        1.19975       -0.57647        0.24797       -4.39715       -0.93293        1.88533      -17.54190       -5.88120        3.99576     -321.71400        0.00000     -322.77000        5.49669       -0.37727        0.19265       -0.07486       -0.80675        0.37935       -0.19952        3.04232        0.53966       -1.40787       12.88910        4.08678       -2.73069      280.69100        0.00000      279.59100       -3.90735
        0.01617        0.58123       -0.26767        0.08192        1.32927       -0.51855        0.54736       -3.10386       -1.12058        1.30551      -16.63190        3.47662       -2.65932     -333.23100        0.00000     -332.69000       -0.00522       -0.42675        0.19387       -0.04264       -0.92483        0.36335       -0.38239        2.10484        0.83371       -0.98762       11.82440       -2.22855        1.16563      279.59100        0.00000      281.18800
        0.12724        0.06176        0.49667        0.12579        0.06275        1.12856       -0.31488       -0.31696        2.83991        0.48777        1.33588       12.92380        1.41574        5.77049     -322.27200        0.00000       -0.09204       -0.04518       -0.35155       -0.08779       -0.04212       -0.75804        0.18942        0.19348       -2.01231       -0.40279       -0.98501       -8.74072       -1.84562       -3.90735      281.18800        0.00000
